Spend,Reach,Page View,Impressions,Frequency,Clicks,Engagement,Total Leads,Leads_por_Clique,Leads_por_Spend,CPC,Conversao
-0.08348118371722929,-0.11659246842467921,-0.12331930051245706,-0.11041301364260867,0.09589159610212201,-0.14035821855410158,-0.024920402200662033,-0.025816642893816612,0.18393395954840716,0.30925104010580096,0.5947723231116044,0.2338188411139781
-0.1029453084887933,-0.1164250721432027,-0.11368541933479556,-0.11328816944956883,0.007949526092376655,-0.13677999663339332,-0.030974379203602413,-0.03886124111016854,0.2841149441926583,0.377494046893832,0.7526342376269685,0.3430300030354709
-0.09868371352725541,-0.12038391750707914,-0.118341119545898,-0.11729747069730823,-0.001961043990897913,-0.1367804335040453,-0.030817864937614566,-0.03245748574621039,0.23729626317678293,0.32890417867428523,0.7214753674862189,0.27671087495116153
-0.09298626299800401,-0.13346945770117366,-0.12902369156075894,-0.13183681806469574,-0.06825900417426048,-0.1483309269168057,-0.012821713051279902,-0.0357463506586107,0.24099054325103583,0.384426145390723,0.6268838530899034,0.2711408784234237
1.0,0.2452151094264212,0.7608658045787912,0.26605605820418465,-0.0033476884060484793,0.8378263717436994,0.5915045139065196,0.3894558416878044,0.464840753194796,0.3894558416878044,1.1935647214336091,1.4638112145107276
0.2452151094264212,1.0,0.03978270835008796,0.9981695120999706,-0.07374908159542601,0.15155236737285246,0.4230082964036466,0.12496277590940377,0.8245517907481287,0.5096047148224359,1.6180222960367066,0.1251919382375288
0.7608658045787912,0.03978270835008796,1.0,0.04718657189566616,-0.020153625768452324,0.9167158932492382,0.34044766039693997,0.11886829110179213,0.1296675360132259,0.15622766904026736,0.829990851235221,2.5191126696938446
0.26605605820418465,0.9981695120999706,0.04718657189566616,1.0,-0.05461799703398502,0.16085839232636842,0.42905458153735243,0.13414551570202995,0.8339354494471122,0.5042001922733141,1.653976857262,0.13414551570202995
-0.0033476884060484793,-0.07374908159542601,-0.020153625768452324,-0.05461799703398502,1.0,-0.03294228491027293,-0.07723520879579929,0.006696407366949791,-0.20327695498928616,-2.0003078407330173,0.10162283567053101,-0.12260441119404429
0.8378263717436994,0.15155236737285246,0.9167158932492382,0.16085839232636842,-0.03294228491027293,1.0,0.5538510166838023,0.29763098513448716,0.29763098513448716,0.3552418438620548,0.8378263717436994,1.8502670630365272
0.5915045139065196,0.4230082964036466,0.34044766039693997,0.42905458153735243,-0.07723520879579929,0.5538510166838023,1.0,0.417933542194448,0.7545956035195822,0.7065601907824114,1.0679848841808914,0.9740801291456754
0.045614811763967346,0.01352189864002006,0.013061936490549845,0.019705012977417908,0.009410968048377965,0.010350196272136543,0.023668691165303554,0.1617682049205466,15.629481863647166,3.5463964152173193,4.40714461490606,8.209494969931468
0.38809413770927836,0.12468371919174168,0.11857457941371377,0.13311074385541435,0.005450828706099974,0.3000627026699843,0.420053985140029,0.9901787563433647,3.299906144724643,2.5513880786447447,1.2933767984357356,7.438759093848221
0.3894558416878044,0.12496277590940377,0.11886829110179213,0.13414551570202995,0.006696407366949791,0.29763098513448716,0.417933542194448,1.0,3.3598652356310996,2.5676851980605804,1.3085191433003032,7.454591342592807
0.0475739806191779,-0.2418642579495545,0.04586599157835697,-0.24186984859779445,0.03843887545462218,0.011258754265885986,-0.04522668646356499,0.04814117006056273,4.27588780460645,1.011922261580865,4.225510167081896,-0.19903750029056627
